r_soil
0.0537
0.0589
0.0623
0.0643
0.0650
0.0647
0.0638
0.0625
0.0610
0.0597
0.0589
0.0587
0.0595
0.0611
0.0631
0.0652
0.0670
0.0689
0.0708
0.0729
0.0753
0.0780
0.0811
0.0846
0.0884
0.0923
0.0961
0.0996
0.1027
0.1056
0.1085
0.1116
0.1147
0.1173
0.1195
0.1212
0.1228
0.1242
0.1258
0.1276
0.1299
0.1322
0.1344
0.1362
0.1378
0.1392
0.1406
0.1420
0.1433
0.1447
0.1460
0.1474
0.1488
0.1501
0.1516
0.1532
0.1554
0.1591
0.1647
0.1719
0.1802
0.1888
0.1976
0.2065
0.2155
0.2246
0.2337
0.2428
0.2513
0.2586
0.2639
0.2677
0.2710
0.2749
0.2792
0.2833
0.2865
0.2889
0.2909
0.2931
0.2955
0.2981
0.3008
0.3036
0.3067
0.3102
0.3137
0.3169
0.3191
0.3207
0.3226
0.3257
0.3301
0.3340
0.3354
0.3352
0.3380
0.3475
0.3468
0.3418
0.3468
0.3509
0.3515
0.3500
0.3477
0.3460
0.3458
0.3481
0.3527
0.3577
0.3609
0.3618
0.3617
0.3625
0.3652
0.3695
0.3741
0.3780
0.3811
0.3841
0.3872
0.3903
0.3928
0.3942
0.3950
0.3955
0.3966
0.3984
0.4008
0.4033
0.4057
0.4080
0.4102
0.4123
0.4143
0.4160
0.4174
0.4180
0.4174
0.4154
0.4123
0.4083
0.4040
0.4007
0.4000
0.4021
0.4053
0.4072
0.4069
0.4051
0.4029
0.4012
0.4006
0.4015
0.4038
0.4067
0.4093
0.4112
0.4129
0.4148
0.4171
0.4195
0.4221
0.4247
0.4273
0.4298
0.4322
0.4342
0.4359
0.4375
0.4391
0.4411
0.4432
0.4451
0.4466
0.4479
0.4489
0.4496
0.4500
0.4501
0.4496
0.4483
0.4459
0.4428
0.4397
0.4369
0.4323
0.4230
0.4074
0.3873
0.3647
0.3408
0.3163
0.2922
0.2693
0.2484
0.2304
0.2162
0.2065
0.2022
0.2042
0.2130
0.2277
0.2458
0.2650
0.2824
0.2942
0.2974
0.2949
0.2926
0.2948
0.3002
0.3061
0.3108
0.3139
0.3153
0.3158
0.3174
0.3219
0.3286
0.3354
0.3407
0.3449
0.3487
0.3528
0.3568
0.3604
0.3636
0.3663
0.3686
0.3706
0.3725
0.3744
0.3763
0.3781
0.3798
0.3813
0.3827
0.3843
0.3866
0.3895
0.3924
0.3946
0.3964
0.3983
0.4003
0.4022
0.4034
0.4039
0.4039
0.4037
0.4030
0.4017
0.3999
0.3982
0.3967
0.3953
0.3936
0.3914
0.3887
0.3857
0.3829
0.3805
0.3786
0.3768
0.3750
0.3735
0.3727
0.3726
0.3730
0.3731
0.3721
0.3695
0.3660
0.3631
0.3607
0.3583
0.3555
0.3519
0.3473
0.3418
0.3356
0.3288
0.3214
0.3136
0.3054
0.2969
0.2882
0.2794
0.2705
0.2616
0.2529
0.2443
0.2360
0.2281
0.2206
0.2137
0.2073
0.2016
0.1966
0.1925
0.1893
0.1872
0.1860
0.1861
0.1874
0.1900
0.1941
0.1996
0.2067
0.2154
0.2256
0.2366
0.2476
0.2580
0.2673
0.2757
0.2828
0.2886
0.2929
0.2953
0.2953
0.2931
0.2897
0.2865
0.2850
0.2856
0.2871
0.2881
0.2872
0.2845
0.2807
0.2767
0.2733
0.2706
0.2686
0.2672
0.2664
0.2660
0.2657
0.2655
0.2653
0.2653
0.2654
0.2657
0.2660
0.2664
0.2665
0.2665
0.2666
0.2669
0.2678
0.2689
0.2702
0.2715
0.2727
0.2739
0.2751
0.2763
0.2775
0.2786
0.2797
0.2807
0.2815
0.2819
0.2820
0.2812
0.2792
0.2757
0.2710
0.2656
0.2603
0.2554
0.2512
0.2477
0.2449
0.2427
0.2407
0.2388
0.2366
0.2344
0.2322
0.2300
0.2281
0.2266
0.2258
0.2253
0.2248
0.2241
0.2231
0.2221
0.2217
0.2218
0.2218
0.2210
0.2192
0.2169
0.2153
0.2152
0.2158
0.2156
0.2131
0.2089
0.2043
0.2008
0.1987
0.1965
0.1927
0.1869
0.1810
0.1769
0.1757
0.1757
0.1747
0.1707
0.1616
0.1453
0.1196
0.0826
0.0320
-0.0342
